2026091700001
2026091700002
2026091700003
2026091700004
2026091700005
2026091700006
2026091700007
2026091700008
2026091700009
2026091700010
2026091700011
2026091700012
2026091700013
2026091700014
2026091700015
2026091700016
2026091700017
2026091700018
2026091700019
2026091700020
2026091700021
2026091700022
2026091700023
2026091700024
2026091700025
2026091700026
2026091700027
2026091700028
2026091700029
2026091700030
2026091700031
2026091700032
2026091700033
2026091700034
2026091700035
2026091700036
2026091700037
2026091700038
2026091700039
2026091700040
2026091700041
2026091700042
2026091700043
2026091700044
2026091700045
2026091700046
2026091700047
2026091700048
2026091700049
2026091700050
2026091700051
2026091700052
2026091700053
2026091700054
2026091700055
2026091700056
2026091700057
2026091700058
2026091700059
2026091700060
2026091700061
2026091700062
2026091700063
2026091700064
2026091700065
2026091700066
2026091700067
2026091700068
2026091700069
2026091700070
2026091700071
2026091700072
2026091700073
2026091700074
2026091700075
2026091700076
2026091700077
2026091700078
2026091700079
2026091700080
2026091700081
2026091700082
2026091700083
2026091700084
2026091700085
2026091700086
2026091700087
2026091700088
2026091700089
2026091700090
2026091700091
2026091700092
2026091700093
2026091700094
2026091700095
2026091700096
2026091700097
2026091700098
2026091700099
2026091700100
